8 9 11 12 13 17 18 19 20 21 22 23 24 25 26 27 35 38 39 43 44 45 46 49 51 55 56 59 61 66 68 71 72 78 2 3 4 5 6 7 10 14 15 16 28 29 30 31 32 33 34 36 37 40 41 42 52 53 54 57 58 60 62 63 64 65 67 69 70 73 74 75 76 77 
s  p  r  o  g  a  m  v  i  n  t  e  0  1  2  3  4  5  6  7  8  9  .  L  E  =  <  >  l  b  d  f  s  h  w  +  -  *  /  ;  ,  (  )  :  c  j  k  q  u  x  y  z  A  B  C  D  F  G  H  I  J  K  M  N  O  P  Q  R  S  T  U  V  W  X  Y  Z  
0  0  0  0  0  0  0  0  0  0  0  0  0  0  0  0  0  0  0  0  0  0  0  0  0  0  0  0  0  0  0  0  0  0  0  0  0  0  0  0  0  0  0  0  0  0  0  0  0  0  0  0  0  0  0  0  0  0  0  0  0  0  0  0  0  0  0  0  0  0  0  0  0  0  0  0  
1  2  3  2  2  2  2  4  5  2  6  7  8  8  8  8  8  8  8  8  8  8  9  10  10  11  12  13  2  14  15  2  2  2  16  17  18  19  20  21  22  23  24  25  2  2  2  2  2  2  2  2  10  10  10  10  10  10  10  10  10  10  10  10  10  10  10  10  10  10  10  10  10  10  10  10  
2  28  73  28  28  28  28  28  28  28  28  28  30  30  30  30  30  30  30  30  30  30  0  31  31  0  0  0  28  28  28  28  28  28  28  0  0  0  0  0  0  0  0  0  28  28  28  28  28  28  28  28  31  31  31  31  31  31  31  31  31  31  31  31  31  31  31  31  31  31  31  31  31  31  31  31  
3  28  28  28  28  28  28  28  28  28  28  69  30  30  30  30  30  30  30  30  30  30  0  31  31  0  0  0  28  28  28  28  28  28  28  0  0  0  0  0  0  0  0  0  28  28  28  28  28  28  28  28  31  31  31  31  31  31  31  31  31  31  31  31  31  31  31  31  31  31  31  31  31  31  31  31  
4  28  28  28  28  67  28  28  28  28  28  28  30  30  30  30  30  30  30  30  30  30  0  31  31  0  0  0  28  28  28  28  28  28  28  0  0  0  0  0  0  0  0  0  28  28  28  28  28  28  28  28  31  31  31  31  31  31  31  31  31  31  31  31  31  31  31  31  31  31  31  31  31  31  31  31  
5  28  28  28  28  28  28  28  28  60  28  28  30  30  30  30  30  30  30  30  30  30  0  31  31  0  0  0  28  28  28  61  28  28  28  0  0  0  0  0  0  0  0  0  28  28  28  28  28  28  28  28  31  31  31  31  31  31  31  31  31  31  31  31  31  31  31  31  31  31  31  31  31  31  31  31  
6  28  28  28  28  28  28  28  28  28  28  28  30  30  30  30  30  30  30  30  30  30  0  31  31  0  0  0  28  28  28  28  28  57  28  0  0  0  0  0  0  0  0  0  28  28  28  28  28  28  28  28  31  31  31  31  31  31  31  31  31  31  31  31  31  31  31  31  31  31  31  31  31  31  31  31  
7  28  28  28  28  28  28  28  28  52  28  28  30  30  30  30  30  30  30  30  30  30  0  31  31  0  0  0  53  28  28  28  28  28  28  0  0  0  0  0  0  0  0  0  28  28  28  28  28  28  28  28  31  31  31  31  31  31  31  31  31  31  31  31  31  31  31  31  31  31  31  31  31  31  31  31  
8  0  0  0  0  0  0  0  0  0  0  0  8  8  8  8  8  8  8  8  8  8  47  0  0  0  0  0  0  0  0  0  0  0  0  0  0  0  0  0  0  0  0  0  0  0  0  0  0  0  0  0  0  0  0  0  0  0  0  0  0  0  0  0  0  0  0  0  0  0  0  0  0  0  0  0  
9  0  0  0  0  0  0  0  0  0  0  0  0  0  0  0  0  0  0  0  0  0  0  0  0  0  0  0  0  0  0  0  0  0  0  0  0  0  0  0  0  0  0  0  0  0  0  0  0  0  0  0  0  0  0  0  0  0  0  0  0  0  0  0  0  0  0  0  0  0  0  0  0  0  0  0  
10  28  28  28  28  28  28  28  28  28  28  28  30  30  30  30  30  30  30  30  30  30  0  31  31  0  0  0  28  28  28  28  28  28  28  0  0  0  0  0  0  0  0  0  28  28  28  28  28  28  28  28  31  31  31  31  31  31  31  31  31  31  31  31  31  31  31  31  31  31  31  31  31  31  31  31  
11  0  0  0  0  0  0  0  0  0  0  0  0  0  0  0  0  0  0  0  0  0  0  0  0  0  0  0  0  0  0  0  0  0  0  0  0  0  0  0  0  0  0  0  0  0  0  0  0  0  0  0  0  0  0  0  0  0  0  0  0  0  0  0  0  0  0  0  0  0  0  0  0  0  0  0  
12  0  0  0  0  0  0  0  0  0  0  0  0  0  0  0  0  0  0  0  0  0  0  0  0  45  0  46  0  0  0  0  0  0  0  0  0  0  0  0  0  0  0  0  0  0  0  0  0  0  0  0  0  0  0  0  0  0  0  0  0  0  0  0  0  0  0  0  0  0  0  0  0  0  0  0  
13  0  0  0  0  0  0  0  0  0  0  0  0  0  0  0  0  0  0  0  0  0  0  0  0  44  0  0  0  0  0  0  0  0  0  0  0  0  0  0  0  0  0  0  0  0  0  0  0  0  0  0  0  0  0  0  0  0  0  0  0  0  0  0  0  0  0  0  0  0  0  0  0  0  0  0  
14  28  28  28  28  28  28  28  28  28  28  40  30  30  30  30  30  30  30  30  30  30  0  31  31  0  0  0  28  28  28  28  28  28  28  0  0  0  0  0  0  0  0  0  28  28  28  28  28  28  28  28  31  31  31  31  31  31  31  31  31  31  31  31  31  31  31  31  31  31  31  31  31  31  31  31  
15  28  28  39  28  28  28  28  28  28  28  28  30  30  30  30  30  30  30  30  30  30  0  31  31  0  0  0  28  28  28  28  28  28  28  0  0  0  0  0  0  0  0  0  28  28  28  28  28  28  28  28  31  31  31  31  31  31  31  31  31  31  31  31  31  31  31  31  31  31  31  31  31  31  31  31  
16  28  29  28  28  28  28  28  28  28  28  28  30  30  30  30  30  30  30  30  30  30  0  31  31  0  0  0  28  28  28  28  28  32  28  0  0  0  0  0  0  0  0  0  28  28  28  28  28  28  28  28  31  31  31  31  31  31  31  31  31  31  31  31  31  31  31  31  31  31  31  31  31  31  31  31  
17  0  0  0  0  0  0  0  0  0  0  0  0  0  0  0  0  0  0  0  0  0  0  0  0  0  0  0  0  0  0  0  0  0  0  27  0  0  0  0  0  0  0  0  0  0  0  0  0  0  0  0  0  0  0  0  0  0  0  0  0  0  0  0  0  0  0  0  0  0  0  0  0  0  0  0  
18  0  0  0  0  0  0  0  0  0  0  0  0  0  0  0  0  0  0  0  0  0  0  0  0  0  0  0  0  0  0  0  0  0  0  0  26  0  0  0  0  0  0  0  0  0  0  0  0  0  0  0  0  0  0  0  0  0  0  0  0  0  0  0  0  0  0  0  0  0  0  0  0  0  0  0  
19  0  0  0  0  0  0  0  0  0  0  0  0  0  0  0  0  0  0  0  0  0  0  0  0  0  0  0  0  0  0  0  0  0  0  0  0  0  0  0  0  0  0  0  0  0  0  0  0  0  0  0  0  0  0  0  0  0  0  0  0  0  0  0  0  0  0  0  0  0  0  0  0  0  0  0  
20  0  0  0  0  0  0  0  0  0  0  0  0  0  0  0  0  0  0  0  0  0  0  0  0  0  0  0  0  0  0  0  0  0  0  0  0  0  0  0  0  0  0  0  0  0  0  0  0  0  0  0  0  0  0  0  0  0  0  0  0  0  0  0  0  0  0  0  0  0  0  0  0  0  0  0  
21  0  0  0  0  0  0  0  0  0  0  0  0  0  0  0  0  0  0  0  0  0  0  0  0  0  0  0  0  0  0  0  0  0  0  0  0  0  0  0  0  0  0  0  0  0  0  0  0  0  0  0  0  0  0  0  0  0  0  0  0  0  0  0  0  0  0  0  0  0  0  0  0  0  0  0  
22  0  0  0  0  0  0  0  0  0  0  0  0  0  0  0  0  0  0  0  0  0  0  0  0  0  0  0  0  0  0  0  0  0  0  0  0  0  0  0  0  0  0  0  0  0  0  0  0  0  0  0  0  0  0  0  0  0  0  0  0  0  0  0  0  0  0  0  0  0  0  0  0  0  0  0  
23  0  0  0  0  0  0  0  0  0  0  0  0  0  0  0  0  0  0  0  0  0  0  0  0  0  0  0  0  0  0  0  0  0  0  0  0  0  0  0  0  0  0  0  0  0  0  0  0  0  0  0  0  0  0  0  0  0  0  0  0  0  0  0  0  0  0  0  0  0  0  0  0  0  0  0  
24  0  0  0  0  0  0  0  0  0  0  0  0  0  0  0  0  0  0  0  0  0  0  0  0  0  0  0  0  0  0  0  0  0  0  0  0  0  0  0  0  0  0  0  0  0  0  0  0  0  0  0  0  0  0  0  0  0  0  0  0  0  0  0  0  0  0  0  0  0  0  0  0  0  0  0  
25  0  0  0  0  0  0  0  0  0  0  0  0  0  0  0  0  0  0  0  0  0  0  0  0  0  0  0  0  0  0  0  0  0  0  0  0  0  0  0  0  0  0  0  0  0  0  0  0  0  0  0  0  0  0  0  0  0  0  0  0  0  0  0  0  0  0  0  0  0  0  0  0  0  0  0  
26  0  0  0  0  0  0  0  0  0  0  0  0  0  0  0  0  0  0  0  0  0  0  0  0  0  0  0  0  0  0  0  0  0  0  0  0  0  0  0  0  0  0  0  0  0  0  0  0  0  0  0  0  0  0  0  0  0  0  0  0  0  0  0  0  0  0  0  0  0  0  0  0  0  0  0  
27  0  0  0  0  0  0  0  0  0  0  0  0  0  0  0  0  0  0  0  0  0  0  0  0  0  0  0  0  0  0  0  0  0  0  0  0  0  0  0  0  0  0  0  0  0  0  0  0  0  0  0  0  0  0  0  0  0  0  0  0  0  0  0  0  0  0  0  0  0  0  0  0  0  0  0  
28  28  28  28  28  28  28  28  28  28  28  28  30  30  30  30  30  30  30  30  30  30  0  31  31  0  0  0  28  28  28  28  28  28  28  0  0  0  0  0  0  0  0  0  28  28  28  28  28  28  28  28  31  31  31  31  31  31  31  31  31  31  31  31  31  31  31  31  31  31  31  31  31  31  31  31  
29  28  28  28  28  28  28  28  36  28  28  28  30  30  30  30  30  30  30  30  30  30  0  31  31  0  0  0  28  28  28  28  28  28  28  0  0  0  0  0  0  0  0  0  28  28  28  28  28  28  28  28  31  31  31  31  31  31  31  31  31  31  31  31  31  31  31  31  31  31  31  31  31  31  31  31  
30  28  28  28  28  28  28  28  28  28  28  28  30  30  30  30  30  30  30  30  30  30  0  31  31  0  0  0  28  28  28  28  28  28  28  0  0  0  0  0  0  0  0  0  28  28  28  28  28  28  28  28  31  31  31  31  31  31  31  31  31  31  31  31  31  31  31  31  31  31  31  31  31  31  31  31  
31  28  28  28  28  28  28  28  28  28  28  28  30  30  30  30  30  30  30  30  30  30  0  31  31  0  0  0  28  28  28  28  28  28  28  0  0  0  0  0  0  0  0  0  28  28  28  28  28  28  28  28  31  31  31  31  31  31  31  31  31  31  31  31  31  31  31  31  31  31  31  31  31  31  31  31  
32  28  28  28  28  28  28  28  33  28  28  28  30  30  30  30  30  30  30  30  30  30  0  31  31  0  0  0  28  28  28  28  28  28  28  0  0  0  0  0  0  0  0  0  28  28  28  28  28  28  28  28  31  31  31  31  31  31  31  31  31  31  31  31  31  31  31  31  31  31  31  31  31  31  31  31  
33  28  28  28  28  28  28  28  28  28  28  28  30  30  30  30  30  30  30  30  30  30  0  31  31  0  0  0  34  28  28  28  28  28  28  0  0  0  0  0  0  0  0  0  28  28  28  28  28  28  28  28  31  31  31  31  31  31  31  31  31  31  31  31  31  31  31  31  31  31  31  31  31  31  31  31  
34  28  28  28  28  28  28  28  28  28  28  35  30  30  30  30  30  30  30  30  30  30  0  31  31  0  0  0  28  28  28  28  28  28  28  0  0  0  0  0  0  0  0  0  28  28  28  28  28  28  28  28  31  31  31  31  31  31  31  31  31  31  31  31  31  31  31  31  31  31  31  31  31  31  31  31  
35  28  28  28  28  28  28  28  28  28  28  28  30  30  30  30  30  30  30  30  30  30  0  31  31  0  0  0  28  28  28  28  28  28  28  0  0  0  0  0  0  0  0  0  28  28  28  28  28  28  28  28  31  31  31  31  31  31  31  31  31  31  31  31  31  31  31  31  31  31  31  31  31  31  31  31  
36  28  28  28  28  28  28  28  28  28  37  28  30  30  30  30  30  30  30  30  30  30  0  31  31  0  0  0  28  28  28  28  28  28  28  0  0  0  0  0  0  0  0  0  28  28  28  28  28  28  28  28  31  31  31  31  31  31  31  31  31  31  31  31  31  31  31  31  31  31  31  31  31  31  31  31  
37  28  28  28  28  28  28  28  28  28  28  38  30  30  30  30  30  30  30  30  30  30  0  31  31  0  0  0  28  28  28  28  28  28  28  0  0  0  0  0  0  0  0  0  28  28  28  28  28  28  28  28  31  31  31  31  31  31  31  31  31  31  31  31  31  31  31  31  31  31  31  31  31  31  31  31  
38  28  28  28  28  28  28  28  28  28  28  28  30  30  30  30  30  30  30  30  30  30  0  31  31  0  0  0  28  28  28  28  28  28  28  0  0  0  0  0  0  0  0  0  28  28  28  28  28  28  28  28  31  31  31  31  31  31  31  31  31  31  31  31  31  31  31  31  31  31  31  31  31  31  31  31  
39  28  28  28  28  28  28  28  28  28  28  28  30  30  30  30  30  30  30  30  30  30  0  31  31  0  0  0  28  28  28  28  28  28  28  0  0  0  0  0  0  0  0  0  28  28  28  28  28  28  28  28  31  31  31  31  31  31  31  31  31  31  31  31  31  31  31  31  31  31  31  31  31  31  31  31  
40  28  28  28  41  28  28  28  28  28  28  28  30  30  30  30  30  30  30  30  30  30  0  31  31  0  0  0  28  28  28  28  28  28  28  0  0  0  0  0  0  0  0  0  28  28  28  28  28  28  28  28  31  31  31  31  31  31  31  31  31  31  31  31  31  31  31  31  31  31  31  31  31  31  31  31  
41  28  28  28  28  28  28  28  42  28  28  28  30  30  30  30  30  30  30  30  30  30  0  31  31  0  0  0  28  28  28  28  28  28  28  0  0  0  0  0  0  0  0  0  28  28  28  28  28  28  28  28  31  31  31  31  31  31  31  31  31  31  31  31  31  31  31  31  31  31  31  31  31  31  31  31  
42  28  28  28  28  28  28  28  28  43  28  28  30  30  30  30  30  30  30  30  30  30  0  31  31  0  0  0  28  28  28  28  28  28  28  0  0  0  0  0  0  0  0  0  28  28  28  28  28  28  28  28  31  31  31  31  31  31  31  31  31  31  31  31  31  31  31  31  31  31  31  31  31  31  31  31  
43  28  28  28  28  28  28  28  28  28  28  28  30  30  30  30  30  30  30  30  30  30  0  31  31  0  0  0  28  28  28  28  28  28  28  0  0  0  0  0  0  0  0  0  28  28  28  28  28  28  28  28  31  31  31  31  31  31  31  31  31  31  31  31  31  31  31  31  31  31  31  31  31  31  31  31  
44  0  0  0  0  0  0  0  0  0  0  0  0  0  0  0  0  0  0  0  0  0  0  0  0  0  0  0  0  0  0  0  0  0  0  0  0  0  0  0  0  0  0  0  0  0  0  0  0  0  0  0  0  0  0  0  0  0  0  0  0  0  0  0  0  0  0  0  0  0  0  0  0  0  0  0  
45  0  0  0  0  0  0  0  0  0  0  0  0  0  0  0  0  0  0  0  0  0  0  0  0  0  0  0  0  0  0  0  0  0  0  0  0  0  0  0  0  0  0  0  0  0  0  0  0  0  0  0  0  0  0  0  0  0  0  0  0  0  0  0  0  0  0  0  0  0  0  0  0  0  0  0  
46  0  0  0  0  0  0  0  0  0  0  0  0  0  0  0  0  0  0  0  0  0  0  0  0  0  0  0  0  0  0  0  0  0  0  0  0  0  0  0  0  0  0  0  0  0  0  0  0  0  0  0  0  0  0  0  0  0  0  0  0  0  0  0  0  0  0  0  0  0  0  0  0  0  0  0  
47  0  0  0  0  0  0  0  0  0  0  0  48  48  48  48  48  48  48  48  48  48  0  0  0  0  0  0  0  0  0  0  0  0  0  0  0  0  0  0  0  0  0  0  0  0  0  0  0  0  0  0  0  0  0  0  0  0  0  0  0  0  0  0  0  0  0  0  0  0  0  0  0  0  0  0  
48  0  0  0  0  0  0  0  0  0  0  0  48  48  48  48  48  48  48  48  48  48  0  49  50  0  0  0  0  0  0  0  0  0  0  0  0  0  0  0  0  0  0  0  0  0  0  0  0  0  0  0  0  0  0  0  0  0  0  0  0  0  0  0  0  0  0  0  0  0  0  0  0  0  0  0  
49  0  0  0  0  0  0  0  0  0  0  0  0  0  0  0  0  0  0  0  0  0  0  0  0  0  0  0  0  0  0  0  0  0  0  0  0  0  0  0  0  0  0  0  0  0  0  0  0  0  0  0  0  0  0  0  0  0  0  0  0  0  0  0  0  0  0  0  0  0  0  0  0  0  0  0  
50  0  0  0  0  0  0  0  0  0  0  0  51  51  51  51  51  51  51  51  51  51  0  0  0  0  0  0  0  0  0  0  0  0  0  0  0  0  0  0  0  0  0  0  0  0  0  0  0  0  0  0  0  0  0  0  0  0  0  0  0  0  0  0  0  0  0  0  0  0  0  0  0  0  0  0  
51  0  0  0  0  0  0  0  0  0  0  0  51  51  51  51  51  51  51  51  51  51  0  0  0  0  0  0  0  0  0  0  0  0  0  0  0  0  0  0  0  0  0  0  0  0  0  0  0  0  0  0  0  0  0  0  0  0  0  0  0  0  0  0  0  0  0  0  0  0  0  0  0  0  0  0  
52  28  28  28  28  28  28  28  28  28  28  28  30  30  30  30  30  30  30  30  30  30  0  31  31  0  0  0  28  28  56  28  28  28  28  0  0  0  0  0  0  0  0  0  28  28  28  28  28  28  28  28  31  31  31  31  31  31  31  31  31  31  31  31  31  31  31  31  31  31  31  31  31  31  31  31  
53  28  28  28  28  28  28  28  28  28  28  28  30  30  30  30  30  30  30  30  30  30  0  31  31  0  0  0  28  28  28  28  54  28  28  0  0  0  0  0  0  0  0  0  28  28  28  28  28  28  28  28  31  31  31  31  31  31  31  31  31  31  31  31  31  31  31  31  31  31  31  31  31  31  31  31  
54  28  28  28  28  28  28  28  28  28  28  55  30  30  30  30  30  30  30  30  30  30  0  31  31  0  0  0  28  28  28  28  28  28  28  0  0  0  0  0  0  0  0  0  28  28  28  28  28  28  28  28  31  31  31  31  31  31  31  31  31  31  31  31  31  31  31  31  31  31  31  31  31  31  31  31  
55  28  28  28  28  28  28  28  28  28  28  28  30  30  30  30  30  30  30  30  30  30  0  31  31  0  0  0  28  28  28  28  28  28  28  0  0  0  0  0  0  0  0  0  28  28  28  28  28  28  28  28  31  31  31  31  31  31  31  31  31  31  31  31  31  31  31  31  31  31  31  31  31  31  31  31  
56  28  28  28  28  28  28  28  28  28  28  28  30  30  30  30  30  30  30  30  30  30  0  31  31  0  0  0  28  28  28  28  28  28  28  0  0  0  0  0  0  0  0  0  28  28  28  28  28  28  28  28  31  31  31  31  31  31  31  31  31  31  31  31  31  31  31  31  31  31  31  31  31  31  31  31  
57  28  28  28  28  28  28  28  28  28  28  58  30  30  30  30  30  30  30  30  30  30  0  31  31  0  0  0  28  28  28  28  28  28  28  0  0  0  0  0  0  0  0  0  28  28  28  28  28  28  28  28  31  31  31  31  31  31  31  31  31  31  31  31  31  31  31  31  31  31  31  31  31  31  31  31  
58  28  28  28  28  28  28  28  28  59  28  28  30  30  30  30  30  30  30  30  30  30  0  31  31  0  0  0  28  28  28  28  28  28  28  0  0  0  0  0  0  0  0  0  28  28  28  28  28  28  28  28  31  31  31  31  31  31  31  31  31  31  31  31  31  31  31  31  31  31  31  31  31  31  31  31  
59  28  28  28  28  28  28  28  28  28  28  28  30  30  30  30  30  30  30  30  30  30  0  31  31  0  0  0  28  28  28  28  28  28  28  0  0  0  0  0  0  0  0  0  28  28  28  28  28  28  28  28  31  31  31  31  31  31  31  31  31  31  31  31  31  31  31  31  31  31  31  31  31  31  31  31  
60  28  28  28  28  28  28  28  28  28  62  28  30  30  30  30  30  30  30  30  30  30  0  31  31  0  0  0  28  28  28  28  28  28  28  0  0  0  0  0  0  0  0  0  28  28  28  28  28  28  28  28  31  31  31  31  31  31  31  31  31  31  31  31  31  31  31  31  31  31  31  31  31  31  31  31  
61  28  28  28  28  28  28  28  28  28  28  28  30  30  30  30  30  30  30  30  30  30  0  31  31  0  0  0  28  28  28  28  28  28  28  0  0  0  0  0  0  0  0  0  28  28  28  28  28  28  28  28  31  31  31  31  31  31  31  31  31  31  31  31  31  31  31  31  31  31  31  31  31  31  31  31  
62  28  28  28  28  28  28  28  28  28  28  63  30  30  30  30  30  30  30  30  30  30  0  31  31  0  0  0  28  28  28  28  28  28  28  0  0  0  0  0  0  0  0  0  28  28  28  28  28  28  28  28  31  31  31  31  31  31  31  31  31  31  31  31  31  31  31  31  31  31  31  31  31  31  31  31  
63  28  28  28  64  28  28  28  28  28  28  28  30  30  30  30  30  30  30  30  30  30  0  31  31  0  0  0  28  28  28  28  28  28  28  0  0  0  0  0  0  0  0  0  28  28  28  28  28  28  28  28  31  31  31  31  31  31  31  31  31  31  31  31  31  31  31  31  31  31  31  31  31  31  31  31  
64  28  28  28  28  28  28  28  28  28  28  65  30  30  30  30  30  30  30  30  30  30  0  31  31  0  0  0  28  28  28  28  28  28  28  0  0  0  0  0  0  0  0  0  28  28  28  28  28  28  28  28  31  31  31  31  31  31  31  31  31  31  31  31  31  31  31  31  31  31  31  31  31  31  31  31  
65  28  66  28  28  28  28  28  28  28  28  28  30  30  30  30  30  30  30  30  30  30  0  31  31  0  0  0  28  28  28  28  28  28  28  0  0  0  0  0  0  0  0  0  28  28  28  28  28  28  28  28  31  31  31  31  31  31  31  31  31  31  31  31  31  31  31  31  31  31  31  31  31  31  31  31  
66  28  28  28  28  28  28  28  28  28  28  28  30  30  30  30  30  30  30  30  30  30  0  31  31  0  0  0  28  28  28  28  28  28  28  0  0  0  0  0  0  0  0  0  28  28  28  28  28  28  28  28  31  31  31  31  31  31  31  31  31  31  31  31  31  31  31  31  31  31  31  31  31  31  31  31  
67  28  68  28  28  28  28  28  28  28  28  28  30  30  30  30  30  30  30  30  30  30  0  31  31  0  0  0  28  28  28  28  28  28  28  0  0  0  0  0  0  0  0  0  28  28  28  28  28  28  28  28  31  31  31  31  31  31  31  31  31  31  31  31  31  31  31  31  31  31  31  31  31  31  31  31  
68  28  28  28  28  28  28  28  28  28  28  28  30  30  30  30  30  30  30  30  30  30  0  31  31  0  0  0  28  28  28  28  28  28  28  0  0  0  0  0  0  0  0  0  28  28  28  28  28  28  28  28  31  31  31  31  31  31  31  31  31  31  31  31  31  31  31  31  31  31  31  31  31  31  31  31  
69  28  28  28  28  70  28  28  28  28  28  28  30  30  30  30  30  30  30  30  30  30  0  31  31  0  0  0  28  28  28  28  28  28  28  0  0  0  0  0  0  0  0  0  28  28  28  28  28  28  28  28  31  31  31  31  31  31  31  31  31  31  31  31  31  31  31  31  31  31  31  31  31  31  31  31  
70  28  28  28  28  28  28  28  28  28  28  28  30  30  30  30  30  30  30  30  30  30  0  31  31  0  0  0  71  28  72  28  28  28  28  0  0  0  0  0  0  0  0  0  28  28  28  28  28  28  28  28  31  31  31  31  31  31  31  31  31  31  31  31  31  31  31  31  31  31  31  31  31  31  31  31  
71  28  28  28  28  28  28  28  28  28  28  28  30  30  30  30  30  30  30  30  30  30  0  31  31  0  0  0  28  28  28  28  28  28  28  0  0  0  0  0  0  0  0  0  28  28  28  28  28  28  28  28  31  31  31  31  31  31  31  31  31  31  31  31  31  31  31  31  31  31  31  31  31  31  31  31  
72  28  28  28  28  28  28  28  28  28  28  28  30  30  30  30  30  30  30  30  30  30  0  31  31  0  0  0  28  28  28  28  28  28  28  0  0  0  0  0  0  0  0  0  28  28  28  28  28  28  28  28  31  31  31  31  31  31  31  31  31  31  31  31  31  31  31  31  31  31  31  31  31  31  31  31  
73  28  28  74  28  28  28  28  28  28  28  28  30  30  30  30  30  30  30  30  30  30  0  31  31  0  0  0  28  28  28  28  28  28  28  0  0  0  0  0  0  0  0  0  28  28  28  28  28  28  28  28  31  31  31  31  31  31  31  31  31  31  31  31  31  31  31  31  31  31  31  31  31  31  31  31  
74  28  28  28  75  28  28  28  28  28  28  28  30  30  30  30  30  30  30  30  30  30  0  31  31  0  0  0  28  28  28  28  28  28  28  0  0  0  0  0  0  0  0  0  28  28  28  28  28  28  28  28  31  31  31  31  31  31  31  31  31  31  31  31  31  31  31  31  31  31  31  31  31  31  31  31  
75  28  76  28  28  28  28  28  28  28  28  28  30  30  30  30  30  30  30  30  30  30  0  31  31  0  0  0  28  28  28  28  28  28  28  0  0  0  0  0  0  0  0  0  28  28  28  28  28  28  28  28  31  31  31  31  31  31  31  31  31  31  31  31  31  31  31  31  31  31  31  31  31  31  31  31  
76  28  28  28  28  77  28  28  28  28  28  28  30  30  30  30  30  30  30  30  30  30  0  31  31  0  0  0  28  28  28  28  28  28  28  0  0  0  0  0  0  0  0  0  28  28  28  28  28  28  28  28  31  31  31  31  31  31  31  31  31  31  31  31  31  31  31  31  31  31  31  31  31  31  31  31  
77  28  28  28  28  28  78  28  28  28  28  28  30  30  30  30  30  30  30  30  30  30  0  31  31  0  0  0  28  28  28  28  28  28  28  0  0  0  0  0  0  0  0  0  28  28  28  28  28  28  28  28  31  31  31  31  31  31  31  31  31  31  31  31  31  31  31  31  31  31  31  31  31  31  31  31  
78  28  28  28  28  28  28  28  28  28  28  28  30  30  30  30  30  30  30  30  30  30  0  31  31  0  0  0  28  28  28  28  28  28  28  0  0  0  0  0  0  0  0  0  28  28  28  28  28  28  28  28  31  31  31  31  31  31  31  31  31  31  31  31  31  31  31  31  31  31  31  31  31  31  31  31  
